1
	[34, 62, 85, 95, 99, 24, 88, 58, 26, 81, 31] 65493
	Time taken:  102.27014278429372

2
	[44, 90, 95, 70, 38, 63, 68, 74, 60, 49, 99] 56417
	Time taken:  97.10835156024403

3
	[62, 82, 13, 93, 7, 51, 76, 68, 21, 87, 78, 55] 49024
	Time taken:  100.47274603257497

4
	[46, 75, 43, 15, 44, 53, 84, 4, 99, 74, 7, 30, 52, 13] 43175
	Time taken:  101.29265673095236

5
	[74, 96, 98, 73, 45, 81, 87, 6, 48, 2, 86] 42942
	Time taken:  102.57335128376842

6
	[79, 83, 94, 96, 99, 60, 28, 69, 23] 41494
	Time taken:  101.81537803431983