100
58  26  18  28  66  45  87  18  78  62  94  8  72  30  73  55  50  83  88  28  82  83  80  96  16  73  49  63  72  23  65  61  68  34  21  60  99  23  20  27  50  84  30  51  63  47  78  71  58  60  16  11  97  95  7  63  87  83  69  80  47  78  59  41  94  34  58  96  66  58  82  63  6  38  22  80  27  68  77  98  98  17  36  66  26  10  84  30  90  44  58  2  78  91  79  63  58  24  69  78  
683
0  0  0  6205  1222  0  4123  0  443  3426  9552  299  1781  1583  1815  6205  0  5039  7067  0  0  0  0  5127  0  2834  0  3277  0  0  0  0  908  0  1921  1228  11  0  5238  0  5636  3478  0  0  4712  8854  5409  7449  9242  0  3064  8916  0  8075  2086  1261  3286  0  8172  7602  0  0  932  0  0  285  1928  9789  0  0  0  0  0  0  9474  0  4074  3069  0  1960  7797  7684  9160  3262  0  8367  6427  0  0  0  0  4658  0  0  0  0  0  5874  0  
0  4446  190  6157  3926  8733  0  8717  0  0  4739  4606  0  0  0  3354  7857  0  0  8694  0  0  3667  6220  0  0  0  9848  2915  7508  8328  0  7200  0  0  0  0  0  2825  0  0  0  0  2397  0  5559  7946  0  0  9848  7238  208  0  2647  2553  6221  2777  0  2846  0  7775  0  0  0  1009  0  5233  0  0  5  6828  8620  0  0  8362  0  0  1514  0  0  29  0  4942  2797  2941  2236  9683  0  0  8853  0  2569  774  0  8527  0  6883  7537  
0  25  3397  3974  0  6778  0  5282  0  0  0  0  6560  5798  7819  0  0  0  0  4372  0  0  0  542  9198  0  2243  2893  5721  1430  1882  2807  0  0  4459  1906  0  0  5702  8395  0  2368  6264  9775  1300  8081  7025  4187  0  0  0  59  0  6583  5138  0  0  0  2962  9897  0  159  0  0  2423  0  0  0  3246  7439  0  0  0  0  0  7314  5526  2596  5849  0  0  8292  9333  638  0  7363  132  4795  7112  743  0  3548  1504  607  8498  8303  3164  
2100  0  7539  0  0  0  3913  4038  0  0  3919  0  0  6053  8431  0  2216  0  3030  5988  0  9489  0  847  0  0  3840  4370  9463  4761  0  2662  4581  6551  1939  1052  4941  0  1483  654  0  3612  3259  0  0  1531  848  4497  7206  5507  2616  1889  0  7114  1477  0  0  2923  3730  0  9426  3249  0  7758  9197  8093  7252  3831  5548  0  0  0  595  7791  148  708  0  0  0  600  4793  2909  0  3992  0  758  4147  0  2264  7932  2980  1301  1010  0  0  1898  
0  2140  8082  0  0  8798  0  6207  694  0  395  4189  0  0  6081  0  0  0  0  2467  0  0  0  0  5195  2067  0  0  0  7532  0  0  0  9323  0  0  0  0  9147  0  5447  0  2467  0  0  3239  0  0  0  0  1222  0  0  0  2810  6041  8323  251  7263  0  0  6102  0  9527  0  0  0  0  0  4410  0  4821  9707  5562  0  6818  0  8800  0  0  1453  0  8204  0  0  0  0  2563  0  0  0  0  9228  4528  1277  
0  9882  6016  0  0  2882  0  2029  0  4445  0  0  7536  4036  2087  0  1615  2058  2605  0  0  9027  7784  4512  0  9866  9199  7720  0  568  0  6696  0  0  0  0  0  0  7609  0  0  0  0  3936  1860  5139  0  0  0  0  2394  507  4369  6066  228  0  8143  0  1729  0  0  4126  666  0  0  1727  0  0  1428  0  2681  0  924  0  0  2350  6441  0  0  9899  0  0  2926  0  0  0  7448  2366  0  4156  0  8910  6092  7545  
0  0  6957  1318  0  961  0  0  0  0  0  0  0  9049  1577  0  0  9717  0  0  0  0  0  3930  0  0  0  0  0  0  0  0  0  6911  1491  365  0  0  0  4613  0  359  1260  2840  0  6397  0  0  0  0  3687  5504  8102  9846  5095  8994  0  0  5543  2870  0  2028  4503  2139  0  3202  6901  1557  1311  2694  0  0  6991  2776  0  0  0  1836  140  0  0  0  1828  0  696  4317  3023  0  5209  0  3891  0  832  
0  7468  6191  0  5512  0  0  4827  2030  3528  3987  9048  0  0  1806  3172  0  2333  2721  1182  6689  0  0  0  0  0  1452  5751  0  73  0  3818  0  0  0  0  0  0  8950  0  7934  1157  0  2665  2533  9146  0  1096  4509  1935  3124  9183  0  0  740  4666  0  0  5570  0  3288  767  591  637  0  0  9564  1721  0  9767  0  0  662  6861  3164  3579  0  9589  0  0  0  367  0  75  0  6901  8194  0  0  0  0  0  
0  6021  405  9398  8644  3179  2925  2574  0  0  4920  5389  0  4717  2813  0  0  0  269  0  0  0  7082  0  939  0  9696  1316  0  238  5579  1865  0  0  9366  0  0  0  9266  5985  0  5612  0  4608  3787  5036  8232  0  1207  1636  8160  0  1909  0  0  0  4208  0  2378  0  0  0  0  384  617  2149  3142  0  0  7190  7224  0  0  1804  4991  0  0  304  7031  4200  0  6699  3891  0  0  0  4207  0  6127  0  2708  
0  2031  6946  0  0  0  3009  0  0  3606  0  0  9641  703  0  1049  6861  0  0  2691  0  3587  1850  914  0  0  738  8876  0  0  0  856  9178  0  0  6177  6149  191  1568  7524  9204  0  0  1453  0  1926  4856  2579  0  3361  3027  691  0  3936  5820  0  9429  2149  2841  1910  0  0  0  0  0  0  0  0  0  4510  8701  0  8779  0  0  0  8061  0  0  0  0  2586  3586  3147  6797  0  0  1420  8728  0  
0  0  91  7966  585  6054  0  2298  0  4113  0  0  1332  8702  0  857  0  8670  687  0  3753  0  0  581  3700  6068  5913  1785  0  0  7088  0  0  0  0  8831  0  739  0  0  0  0  0  6638  0  0  7128  8397  4469  0  0  1184  0  3847  3560  1874  2508  0  0  4461  0  0  0  7274  0  0  0  0  575  8131  5596  0  3128  5201  0  0  0  3772  0  0  0  0  1017  6840  3598  0  0  0  0  
0  0  0  0  943  0  0  0  0  0  0  2527  0  1575  8084  1982  0  0  2519  0  0  0  0  0  1292  0  0  0  8401  8435  0  0  2091  1291  6906  0  115  0  399  0  0  0  6599  0  0  0  261  0  5568  0  2956  0  4666  2089  0  4499  560  0  0  6011  3914  6983  3467  0  1765  5481  0  1174  0  0  389  0  1867  0  372  6834  7863  7302  0  0  0  2942  0  8133  0  0  214  0  
0  0  8583  1803  0  0  699  0  2645  6879  332  8304  529  0  0  0  7113  0  0  5742  5606  2912  0  0  6259  0  0  0  2516  0  359  0  0  0  2306  0  0  7342  8489  2278  0  0  0  0  0  0  5585  6869  2100  5723  4813  3732  7555  0  0  5659  4928  0  0  0  1490  5456  0  442  935  0  9887  8923  0  0  801  5186  2663  6123  7602  313  7120  0  1261  1526  0  5382  0  0  9612  0  6656  
5301  0  4066  9602  4016  154  4432  0  0  6045  9365  3728  0  0  0  0  7439  0  5742  0  6120  6863  4880  8732  0  0  0  0  0  2607  0  2514  0  0  0  0  0  4642  0  6859  0  0  0  0  0  8114  0  0  0  0  4453  0  0  6201  801  0  0  6165  6382  0  1934  1483  0  1905  0  1337  0  1713  0  256  1311  0  0  4969  4414  0  5266  0  0  5257  0  839  0  7600  6734  0  
7017  9762  0  42  4548  1282  0  0  2704  7591  0  0  3318  4168  0  8187  1403  0  0  6356  0  2642  5647  0  3904  1987  0  0  0  0  6319  805  0  0  9473  8808  7327  281  0  0  5559  5723  0  6929  8159  0  8593  5341  0  8144  0  5022  7295  903  9497  3218  0  1973  0  0  5267  0  0  2944  6351  0  4735  0  183  6686  0  0  4822  6212  0  7304  8317  4286  9813  9185  0  6067  685  0  0  
661  0  2046  0  7043  0  2259  67  0  0  0  268  0  0  2545  3915  62  6401  0  0  4918  114  0  0  0  0  0  4247  0  383  0  7602  2726  0  6107  0  1244  2485  0  1395  0  254  0  5491  0  4698  0  0  0  0  0  8891  7414  0  2791  0  4222  0  9779  0  1824  8199  5888  0  8919  0  0  2557  1759  4731  8927  0  0  4745  0  4720  0  0  1957  969  0  7414  8236  1763  
6335  4411  0  0  0  0  0  2141  1502  0  594  0  4902  0  0  0  2008  0  0  0  0  0  865  0  1119  7803  2143  0  4598  0  0  7614  5349  8551  0  0  6230  6525  1522  0  39  2470  0  8108  114  0  0  0  0  5995  8209  8828  0  1697  5073  0  5820  9584  3674  4845  0  0  2492  8853  0  4987  0  2102  0  0  1797  4452  0  9581  0  6992  0  0  5727  0  864  5722  0  
5766  7926  3163  0  1216  0  0  0  6222  0  8670  3736  0  0  0  3107  0  6445  0  0  3157  0  0  4706  0  0  0  8647  6498  7175  0  0  0  0  0  0  3818  0  8019  0  0  6779  0  0  9004  1627  0  0  0  0  0  8350  0  8494  0  0  0  7241  0  0  0  0  3462  8514  3386  0  641  0  0  0  5307  7758  0  2181  0  0  0  0  7160  757  0  0  
1557  1041  3280  0  4307  2380  0  3082  3678  0  1179  4882  4333  0  5141  8387  0  0  0  8036  2838  5634  8597  0  874  9608  1108  0  2332  0  8732  7908  6779  346  1262  4971  9488  2887  9640  0  1245  1358  1017  5332  0  540  6002  0  0  8333  5642  0  0  2087  2610  0  7206  6232  2906  0  3417  0  0  819  7912  0  9691  2647  0  6691  1571  9837  169  2808  0  6580  0  0  1114  5644  2616  
0  0  0  4349  7205  0  8561  4812  4569  8239  7002  6292  7905  0  0  9166  2420  5250  8847  5239  0  0  4773  0  0  366  8971  0  269  1425  0  0  0  0  0  0  4033  9477  8092  1822  0  1590  0  6688  0  3639  1663  0  0  8620  2503  5522  0  3419  3849  8080  5449  0  0  0  0  0  0  4388  8289  6496  0  5591  0  0  0  0  5357  0  4294  2510  1786  0  0  0  
0  6603  0  0  0  3357  4667  6389  4965  7173  3021  9303  3607  5562  7885  0  0  0  0  5039  0  8870  7589  0  0  0  657  0  54  3865  7910  8006  8419  2029  0  4404  0  7541  7881  0  0  0  4238  0  3182  0  0  1980  8890  0  0  0  0  0  1126  0  0  0  0  0  7257  4606  6157  0  0  0  9432  8987  7492  3618  4990  0  0  8424  0  24  0  0  0  
6562  2346  0  8374  3651  5029  8942  1943  8389  789  0  0  738  0  1532  7998  7109  403  1246  6630  0  8697  0  0  5414  9792  5065  0  0  841  2765  1116  0  0  0  9298  0  3253  3841  7036  5490  0  2665  0  5082  0  4437  0  0  0  0  0  0  0  0  1862  8594  950  4238  0  968  0  2911  2720  1181  1607  4807  0  0  0  6378  0  1212  0  85  7884  6133  0  
1617  0  8008  416  0  173  7059  0  0  0  0  7108  6258  0  0  0  4669  389  0  0  0  0  0  0  0  9729  0  0  0  3013  510  0  0  5406  0  0  0  0  0  1905  315  5575  5253  3016  2889  0  0  0  0  0  0  6121  8163  46  2733  0  0  0  0  8639  0  540  0  0  320  0  3346  901  0  0  7926  200  3857  1293  0  0  0  
0  0  5065  0  0  3827  0  0  0  6721  0  6141  0  3129  0  554  5666  5771  1081  9160  0  0  1575  0  0  4988  4669  0  1742  1795  7331  6799  9747  0  0  0  4029  1225  0  8988  0  6446  0  8820  4949  1864  0  0  0  4999  0  0  559  3331  0  5500  0  5752  0  0  0  7953  0  3244  0  0  0  0  0  0  5353  9845  0  0  1895  7810  
1546  6778  0  0  0  0  0  0  1717  0  0  5957  6930  3547  0  0  2279  0  421  0  9447  0  0  0  9101  0  6804  0  0  0  0  4762  7285  8753  119  0  0  0  0  0  0  7528  2473  0  0  0  0  0  0  0  3261  0  0  8434  9453  2022  0  3037  2026  7977  9600  2130  0  2968  0  0  9251  0  1901  0  8615  0  843  0  3065  
6150  8543  0  3041  2485  5829  0  0  0  0  787  4439  221  6998  6947  0  0  9536  0  0  0  4004  5066  0  3398  0  375  0  0  3155  8899  0  0  3357  5002  3906  0  2388  0  8756  4486  9730  0  8176  3038  3662  4048  0  0  0  889  22  5416  798  1944  175  0  0  8765  0  0  0  0  0  1064  0  1114  0  2189  9740  0  0  5716  1960  
2650  0  0  0  0  1953  0  1341  979  0  0  0  0  0  0  6803  317  1923  103  9100  5005  0  0  0  3675  0  4401  0  6549  4045  4747  0  0  2140  0  0  5132  5073  0  3489  8416  0  0  0  0  0  8176  0  0  0  0  221  0  0  3972  0  2160  2444  0  0  0  1710  0  2324  1339  3898  0  8190  0  0  568  3027  1792  
7792  3859  4299  0  0  0  9854  5746  4613  3956  0  0  0  0  9165  3419  6814  0  0  8355  6901  7562  1459  1461  3724  2913  3032  7310  391  9722  0  0  6882  0  0  1160  0  9079  0  7375  1596  862  0  0  2251  0  4218  0  1471  0  9393  0  3462  1600  6210  0  0  945  0  0  456  2123  0  0  9564  0  2373  0  0  0  0  0  
0  3849  7598  3808  0  3223  0  0  0  6760  6094  6362  3960  6117  1767  0  0  0  0  7180  0  0  6190  0  0  8981  0  8362  2899  0  0  1410  0  9142  0  5551  6837  0  0  0  0  6729  2516  1445  0  0  82  2949  0  3042  0  0  0  0  5777  0  1766  2651  9190  0  0  8522  738  3485  4223  0  0  6223  223  6280  0  
0  8694  463  0  0  0  6492  5121  5576  0  0  7209  299  0  5794  9688  1819  3869  9748  1798  0  0  1457  4216  544  8811  6211  8141  2213  3745  6269  1105  5917  0  0  5054  2479  1263  0  4225  0  0  1985  0  5997  0  0  8668  5256  0  0  0  0  0  0  195  6619  7765  7525  9807  0  0  7616  0  0  2527  0  0  8019  4162  
1127  3140  7415  0  7986  0  4736  8964  0  3541  4538  0  0  5052  2711  7508  1952  0  4996  0  1189  0  3008  1266  0  0  0  0  0  0  0  0  9717  0  0  0  6283  0  0  0  7402  0  7526  2292  5058  0  9873  9218  0  9352  0  0  0  0  2312  6129  5923  0  0  0  0  0  3618  0  0  0  0  1727  2374  
3371  0  8147  1532  0  7269  560  0  0  1457  0  9002  2120  545  294  0  158  1766  0  707  0  0  2955  5019  0  0  2052  8905  0  0  5799  5545  1915  0  0  0  0  0  0  0  8257  3283  28  0  0  2291  6232  1685  0  5849  0  0  0  0  1354  0  8686  0  2956  6254  0  8904  6883  6747  0  0  0  4881  
0  3583  5288  1943  7054  8513  0  6872  6307  5795  0  968  4838  0  0  0  9259  5005  4653  0  2351  3073  5060  0  0  9750  0  2955  2907  30  0  0  7669  5905  8907  0  8299  0  4563  3043  3690  0  5190  3952  0  0  0  0  898  1926  0  0  0  4762  9129  7336  0  0  0  0  6267  8166  2933  0  8989  0  3597  
7432  0  6289  3542  3238  6236  0  1356  0  0  0  0  0  1120  0  0  530  0  938  0  0  4196  0  0  95  0  2661  0  0  4584  4112  9407  0  0  2195  0  0  0  0  5714  0  0  1665  0  0  0  0  8512  2035  7805  0  4235  3813  8099  0  0  0  0  380  0  0  0  0  0  1492  7783  
796  0  0  5141  2773  3617  0  7592  0  0  4029  0  0  387  0  1753  8182  0  0  0  374  0  0  5155  0  705  0  0  0  0  2310  7896  0  0  2  0  8848  0  0  3005  4178  0  938  6686  0  2459  5463  0  375  3607  1744  0  0  0  0  0  1411  0  1666  0  600  6795  476  4960  2282  
6784  1928  3925  1333  7960  2780  8546  8668  7841  0  1971  4369  2071  4644  2223  0  351  9661  0  41  1667  0  8108  0  736  2219  5509  0  5448  3036  0  2662  0  8071  0  8882  4556  1707  1618  0  4093  7074  7998  0  0  687  8995  1842  0  9063  3460  3149  0  0  0  4122  0  228  3312  0  0  3136  0  6345  
7803  5607  0  0  106  852  0  0  0  0  7080  877  0  0  0  0  0  0  0  8523  0  0  2437  0  7447  0  4771  0  0  0  0  0  0  2908  0  0  3217  5407  0  0  775  0  843  0  0  496  0  0  0  6859  8913  0  0  0  5845  0  0  5846  0  0  4531  0  0  
7770  0  0  8886  0  0  8697  6090  0  0  0  8657  0  0  0  0  0  3049  0  0  1782  2905  0  8586  0  0  0  0  5592  0  5569  0  0  0  0  0  1135  4972  9165  0  0  6519  0  5470  0  0  0  0  2005  0  6677  0  0  0  9430  48  0  3704  7251  0  0  0  
6196  0  0  261  0  0  0  1415  3089  0  0  0  4607  0  2537  0  4822  1134  0  0  8100  8395  1475  1198  0  0  0  0  6825  0  0  0  7895  3124  7073  605  0  0  0  0  3866  5238  5092  3236  0  0  1491  2961  0  5258  2037  6962  5763  2802  0  0  5419  2308  0  6376  7934  
8299  0  0  3515  0  2845  0  0  0  5123  191  0  0  0  0  0  0  0  0  4695  8198  5564  1471  3527  0  0  3389  3856  4751  4198  3744  0  0  0  1036  0  1311  0  5255  8779  1704  0  2836  0  0  0  0  3887  1700  1122  0  3657  0  3239  7195  2003  835  2254  1360  0  
5581  0  0  0  6199  838  0  0  6338  0  5458  0  5470  0  0  0  1768  8107  0  8986  351  0  4005  6696  4578  0  0  2977  8460  1975  0  5862  0  0  2185  0  0  2881  4808  6214  0  0  593  0  7943  0  0  3776  9073  6408  0  0  0  0  5060  0  0  0  0  
6146  0  0  0  5926  0  0  5083  0  0  6369  0  6  2051  0  4117  8823  6832  3004  7760  0  0  1925  0  0  0  5373  0  0  0  0  2856  5844  0  2105  0  0  0  0  8020  0  0  1275  0  9709  0  8051  8039  432  8955  8385  0  0  6699  8857  0  0  0  
3766  1254  0  1194  0  4362  0  1564  1049  6306  1319  4408  0  0  23  0  5702  1310  6380  4210  0  2384  0  6476  1751  4124  0  6727  6581  0  3995  9108  0  476  0  8570  0  0  2665  1250  0  4690  0  6026  4166  0  0  0  7903  0  7826  9743  0  8903  0  0  625  
2230  0  0  5766  0  0  0  2949  7048  5695  875  6292  0  7932  0  0  2106  0  9486  0  0  46  0  0  0  0  9396  1681  2112  0  6132  0  2960  6674  0  298  0  0  1463  0  0  0  0  0  0  752  5306  2557  0  0  3504  7175  1327  0  5475  1554  
6209  704  2378  3977  6892  0  0  637  7747  5327  1328  3145  521  2041  0  0  1626  0  1287  0  200  674  3977  3816  0  0  8453  1255  3102  4878  8347  2968  0  0  334  5681  7763  2856  1981  0  0  5471  0  0  0  7661  0  996  8465  0  0  3502  9798  752  0  
0  9229  682  0  1031  7811  0  0  7843  3021  0  340  0  5673  9144  2336  2638  5653  0  0  9597  0  0  0  5980  1601  106  0  6490  0  588  0  0  0  0  1861  0  0  0  2033  0  0  4778  0  0  4200  3752  0  1251  0  5869  4657  0  0  
5279  7646  0  2586  9691  0  7286  9218  5783  0  7178  0  9273  0  2951  636  8865  0  0  0  5940  0  3524  7453  5741  0  566  1574  0  0  2392  0  537  9850  0  0  788  7212  1826  4859  7536  5870  2421  0  0  0  0  8083  2970  1292  2006  0  2544  
0  0  0  0  0  7573  4426  7626  1176  0  1754  2797  0  1267  8706  0  8724  0  898  0  0  0  0  1501  0  0  0  7423  0  0  2399  388  0  2771  519  7288  1395  0  0  0  0  0  4124  8135  0  1996  0  8077  9574  2653  9500  0  
0  0  1900  3236  0  0  2753  0  3409  6646  7315  0  3239  9341  435  8812  0  0  0  0  2988  2075  0  0  721  0  433  0  0  0  0  1521  0  0  863  0  0  600  0  2089  2619  0  0  8697  0  0  2345  0  5899  8931  8553  
0  0  0  0  6370  2584  8945  9833  0  0  0  7253  9522  629  8078  7583  4479  0  0  0  0  7007  548  5466  0  0  0  7875  0  0  0  9857  4524  3736  6861  0  3080  871  0  0  8270  0  0  0  411  7467  0  0  6079  0  
8962  6044  2261  898  1548  4964  0  7100  0  6093  6128  4659  9018  0  4979  5550  6867  3656  6040  0  0  0  2620  525  0  334  0  0  0  2696  6983  8229  841  3235  0  7580  0  3678  0  0  0  6217  4482  8886  0  4926  0  0  0  
0  0  6581  0  8074  0  9563  0  0  2662  0  0  9450  0  8569  4440  0  0  0  9753  924  0  0  0  0  0  661  2924  0  0  0  7488  7655  9335  0  0  282  4851  0  3667  0  8186  0  2099  0  7727  0  2752  
6396  0  9385  0  0  0  4848  0  1060  0  426  0  4408  6955  0  0  0  0  0  0  9705  0  390  8274  0  906  5369  9248  2714  2945  6900  2297  0  7857  6114  0  0  0  0  0  8248  0  0  0  4995  0  200  
0  0  976  0  417  6267  1855  0  0  0  0  348  2911  1635  9771  0  5432  4821  0  0  0  9700  0  4291  80  0  4969  5609  2448  3095  0  765  8848  721  5745  3395  0  4890  0  0  0  0  6975  1259  289  0  
0  0  0  0  3148  0  2453  1833  2598  1135  0  8738  0  3216  8353  896  3614  0  0  1678  8008  4215  0  291  7130  6973  0  0  0  0  0  6286  0  2845  80  0  5668  0  0  0  1170  0  1835  0  6224  
0  1903  0  0  0  0  0  0  0  0  1905  2067  0  0  6599  9842  0  0  0  0  1590  0  0  0  0  0  4366  0  0  0  1103  8288  0  993  6654  0  0  7900  5775  848  7531  0  838  2644  
0  6015  0  5796  1205  6343  6420  843  0  0  0  7030  2533  4391  0  0  4805  774  5966  0  0  0  7875  0  0  6815  0  2676  0  0  0  0  6665  0  0  0  7115  0  9361  8273  5997  2561  4021  
0  1987  7735  2571  2079  2326  4466  5233  2528  1662  0  0  4238  9204  0  0  0  8316  602  55  0  0  4107  0  365  3656  0  2018  0  7821  0  1220  0  0  0  5231  7718  1078  469  9242  0  0  
4298  0  0  6822  0  0  4442  8209  9340  0  0  1958  0  2852  2500  5681  1162  0  0  0  0  5102  4669  0  1257  835  0  8489  0  0  4545  0  8057  5618  706  2338  0  2531  0  0  0  
902  0  3337  7654  3701  6041  7136  5596  5749  9297  8904  0  0  817  0  0  8396  0  2776  0  8150  266  8718  0  460  2155  1459  0  0  1324  9196  1387  0  1470  0  0  3296  0  0  5812  
111  52  77  8472  3163  0  0  8422  1886  0  0  1484  8788  9556  0  0  0  0  0  9388  348  5929  0  2076  8508  0  0  8308  8880  1026  0  0  0  5010  8635  0  0  7161  6739  
0  0  0  7938  2204  960  5760  0  0  1953  0  6493  0  0  621  0  2187  1301  1379  1132  4560  0  0  0  8310  9793  0  123  901  0  6829  0  0  2764  8576  970  0  9098  
0  4938  3510  0  0  3059  0  6287  0  0  55  8501  0  0  0  0  8142  0  7604  0  6156  0  0  0  3668  0  0  3143  3781  0  3560  6952  2729  7656  6140  0  9636  
7211  0  6676  0  8861  0  1968  0  0  0  0  1896  5778  3337  2405  0  729  114  0  8427  0  0  2505  3622  0  1312  6222  0  0  8551  0  536  0  0  0  0  
0  0  3526  8846  3299  4820  0  9551  0  0  1506  7269  0  5919  0  2783  8615  0  0  0  2981  3020  0  0  6983  0  8142  2425  0  8754  777  0  0  5038  1350  
4154  0  3388  704  150  0  8616  0  6730  6406  6416  9642  0  43  782  7672  0  0  9576  1754  0  2136  1476  5854  8090  0  3327  465  2189  3604  0  0  0  8936  
596  6957  0  0  0  6008  0  4476  0  2319  7136  0  0  1824  0  0  8026  0  7439  2219  250  8647  0  4112  0  0  449  777  0  8325  2192  0  4510  
9303  0  6461  0  0  0  0  7919  0  0  0  3639  3687  0  0  0  0  3829  0  0  2176  3620  0  1948  4065  0  4594  1040  0  0  0  0  
3983  4788  5266  4993  0  2799  0  909  0  444  0  0  0  0  504  7308  2241  0  603  3839  3077  7692  0  2207  0  1693  0  9389  2569  794  500  
0  816  0  6589  179  0  39  0  1893  2626  2602  0  0  0  0  0  9018  729  0  0  0  2660  517  9330  8656  0  0  0  0  0  
7541  9473  6705  5326  0  0  0  1864  0  6943  4057  9031  0  0  0  0  1446  0  5196  4581  2014  0  6474  1651  726  8177  28  3992  4449  
8854  9620  0  0  6410  0  0  9674  0  0  2349  1827  0  6278  0  5208  0  5167  0  0  2723  9304  2974  0  0  0  0  3994  
3848  8549  0  5394  0  0  0  3341  3255  0  118  1790  6330  0  0  0  8718  0  9208  4569  7388  4819  4904  1843  0  964  0  
7651  9862  0  0  7169  2035  0  0  0  0  0  0  2320  0  0  1274  0  1746  0  0  33  2060  0  0  0  6575  
9805  0  0  0  2628  7586  0  9766  0  8301  0  83  858  0  1723  1730  7644  0  2272  0  0  0  0  0  0  
0  0  4183  0  8165  0  5899  0  0  0  0  4220  2201  0  301  0  5848  3978  0  4296  0  0  6084  9101  
1775  8984  4032  0  0  2002  461  0  4384  0  0  0  0  9661  857  0  0  849  0  6455  0  1853  0  
3946  0  0  6620  1491  0  4931  6590  3638  7846  8347  0  3842  7676  2763  0  0  6437  0  5821  0  0  
1757  373  4695  4557  0  9350  535  0  0  294  0  4323  0  2074  908  0  0  0  0  9260  7610  
5059  8343  3869  0  0  3162  0  3200  0  0  921  9348  0  0  0  0  3328  1550  432  8605  
0  0  0  5871  1353  4797  0  0  0  0  0  3647  9574  0  3900  0  9545  0  6378  
9340  0  6530  0  0  0  6475  0  654  0  0  4472  197  8140  0  1709  0  3107  
0  0  0  0  1987  5971  2949  0  0  7884  8766  5218  0  1186  0  8679  0  
0  0  8403  0  0  0  2057  7329  8328  0  2057  0  9591  0  0  5801  
170  0  2056  3882  0  0  0  1049  0  2177  0  0  7029  6036  1826  
4049  6563  1968  0  571  8507  2567  4623  0  7245  0  1247  7737  0  
0  0  9258  8298  8379  5062  0  787  0  0  6678  9086  0  
0  8626  8450  0  0  1135  2863  0  0  0  1291  0  
0  0  6289  31  0  0  402  0  2774  2316  0  
786  0  0  0  0  0  0  0  0  7700  
2580  9313  0  7819  0  882  2818  0  0  
0  3530  7111  2259  6008  0  0  9053  
0  0  1959  0  9515  0  8950  
0  0  0  0  0  0  
3968  4858  0  2434  2071  
0  5596  0  0  
0  0  3086  
4992  1240  
0  